paleon_elev.asc
ncols         141
nrows         178
xllcorner     -61944.131932524
yllcorner     66412.68209395
cellsize      8000
NODATA_value  -9999
[rows 38 to 75 of 178, columns 0 to 85 of 141]
-9999 -9999 -9999 -9999 374 0 290 0 0 0 0 389 389 0 0 323 381 381 323 323 323 427 427 397 323 323 323 346 0 346 346 323 323 415 327 0 0 427 427 0 0 0 389 472 472 472 472 472 365 365 290 -9999 -9999 -9999 -9999 -9999 -9999 -9999 -9999 -9999 -9999 -9999 -9999 -9999 -9999 -9999 -9999 -9999 -9999 -9999 -9999 -9999 -9999 -9999 -9999 -9999 -9999 -9999 -9999 336 290 320 290 290 290 -9999
-9999 -9999 -9999 -9999 -9999 0 0 290 0 404 412 389 0 381 381 323 381 381 323 323 323 427 427 397 323 323 323 346 323 346 346 415 415 0 415 0 427 427 427 0 0 0 0 472 472 472 472 365 365 -9999 -9999 -9999 -9999 -9999 -9999 -9999 -9999 -9999 290 290 290 -9999 -9999 -9999 -9999 -9999 -9999 -9999 -9999 -9999 -9999 -9999 -9999 -9999 -9999 -9999 -9999 -9999 336 336 290 381 290 290 -9999 -9999
-9999 -9999 -9999 -9999 -9999 0 0 0 0 0 412 412 0 0 0 323 381 381 0 0 0 427 346 397 397 323 323 323 0 346 415 415 415 415 0 327 365 0 0 472 472 472 0 0 0 381 381 365 290 -9999 -9999 -9999 -9999 -9999 -9999 290 290 290 290 290 290 -9999 -9999 -9999 -9999 -9999 -9999 -9999 -9999 -9999 -9999 -9999 -9999 -9999 -9999 -9999 366 366 366 320 381 290 389 -9999 -9999 -9999
-9999 -9999 -9999 -9999 -9999 0 0 290 0 0 0 343 412 0 323 323 381 381 427 0 0 0 346 397 397 323 0 346 346 346 0 0 0 0 0 415 0 397 0 472 472 472 0 0 0 0 290 290 290 290 290 290 290 290 290 290 397 397 397 381 -9999 -9999 -9999 -9999 -9999 -9999 -9999 -9999 -9999 -9999 -9999 381 366 366 366 366 366 366 397 366 366 290 389 -9999 -9999 290
-9999 -9999 -9999 -9999 -9999 0 0 0 0 0 404 343 412 0 0 381 381 427 427 323 323 323 346 346 397 323 346 346 346 346 346 0 346 346 346 0 346 346 0 0 0 472 0 0 0 290 290 290 290 290 290 290 290 290 290 397 397 397 397 381 -9999 -9999 -9999 -9999 -9999 -9999 -9999 -9999 -9999 366 381 366 366 366 366 366 366 389 397 336 290 290 290 -9999 290 290
-9999 -9999 -9999 -9999 -9999 0 0 290 0 0 404 343 343 412 412 381 320 427 427 323 323 323 427 346 346 346 346 346 323 346 346 0 0 0 0 0 0 323 323 0 0 0 0 366 290 290 290 0 0 290 290 305 397 397 397 397 397 397 381 381 381 381 -9999 -9999 -9999 -9999 -9999 397 366 397 397 366 366 366 366 366 290 389 397 366 290 397 397 381 381 290
-9999 -9999 -9999 -9999 -9999 0 0 0 0 0 0 0 412 412 412 381 381 320 0 323 323 323 346 323 346 323 346 323 323 323 0 0 0 0 323 323 323 323 0 0 0 0 0 0 0 0 0 0 0 0 0 0 397 397 397 397 381 381 381 381 381 381 381 397 366 397 397 397 397 397 397 397 397 389 389 389 389 397 275 366 290 336 381 412 412 412
-9999 -9999 -9999 -9999 -9999 0 0 0 0 0 0 0 0 412 0 0 381 320 0 323 323 346 323 323 323 346 346 323 323 323 0 0 0 0 323 323 0 323 0 0 0 0 0 0 0 0 0 0 0 0 0 397 397 397 336 336 397 381 381 381 381 381 397 336 336 336 397 397 397 397 397 397 397 389 389 389 389 290 389 397 366 336 336 488 412 412
-9999 -9999 -9999 -9999 0 0 0 0 0 0 0 0 0 381 412 412 389 320 0 323 323 323 323 323 323 346 346 323 323 323 346 0 0 0 323 323 323 323 323 0 0 0 0 0 0 0 0 0 0 0 397 397 397 397 397 336 336 336 336 381 381 381 336 381 381 381 397 397 397 397 397 397 397 397 389 389 275 389 389 397 397 336 412 366 381 381
-9999 -9999 -9999 -9999 0 0 0 0 450 450 0 0 0 0 0 0 0 0 0 0 323 323 323 323 323 323 346 323 323 323 323 323 323 323 323 323 323 323 323 0 0 0 0 0 0 0 0 0 397 397 397 397 397 381 0 0 0 336 381 336 336 336 336 381 336 336 336 397 397 397 397 397 397 397 397 275 275 275 275 275 320 488 488 488 488 488
-9999 -9999 0 0 374 0 374 450 450 0 0 0 0 0 0 0 0 0 0 0 0 323 323 323 323 346 346 323 323 323 323 323 323 323 323 323 323 323 323 0 0 0 0 0 0 0 0 397 397 397 397 397 381 305 305 0 305 305 305 336 336 336 336 336 336 336 336 336 336 397 397 397 397 397 397 397 275 275 275 488 488 488 488 488 488 488
-9999 0 0 0 0 374 374 450 450 0 410 0 0 0 0 0 0 0 0 0 0 323 323 323 323 346 346 346 323 389 389 323 323 323 323 323 323 323 323 0 0 0 0 0 0 397 397 397 397 397 397 305 305 305 305 305 305 305 305 365 365 336 336 365 305 336 336 336 336 336 336 397 397 397 397 397 488 275 488 488 488 488 488 488 488 381
-9999 -9999 0 0 0 0 450 0 0 0 410 0 0 0 0 0 366 0 0 346 389 323 323 323 323 346 346 323 323 323 323 323 323 323 323 323 323 323 323 323 0 0 0 0 0 397 397 397 397 397 305 305 305 305 305 0 305 305 365 365 365 365 305 365 305 305 305 365 365 0 336 0 336 336 397 389 488 488 488 488 488 488 488 488 381 381
-9999 -9999 0 0 0 450 0 0 0 0 0 0 0 0 0 366 366 0 0 346 389 389 427 389 323 323 346 323 323 323 323 323 323 323 346 346 323 346 323 323 0 0 365 0 419 0 397 0 397 397 397 397 0 305 0 0 0 305 365 365 365 365 365 365 305 0 397 397 305 397 397 397 397 397 397 365 488 488 488 488 488 488 488 396 397 396
-9999 -9999 404 404 404 450 450 450 0 0 404 400 0 0 0 0 366 366 0 0 427 427 427 366 323 323 346 323 323 397 323 323 323 323 346 346 346 327 327 327 0 0 365 365 419 419 397 397 397 0 0 0 0 305 0 0 0 365 365 365 368 365 365 365 397 397 397 365 397 397 397 397 397 397 397 488 488 488 488 488 488 488 488 488 389 305
-9999 -9999 -9999 -9999 404 450 404 450 0 410 404 400 0 0 0 0 366 366 0 0 0 427 427 323 323 366 346 323 323 323 397 323 346 346 327 327 346 327 415 0 0 327 419 419 419 419 419 416 397 416 0 416 416 416 368 368 368 368 368 368 368 365 0 305 305 397 397 397 397 397 0 397 397 397 397 397 488 0 0 488 488 381 381 389 389 275
-9999 -9999 -9999 -9999 404 404 404 409 409 409 409 427 427 0 0 0 366 366 366 0 0 0 366 323 323 366 346 346 346 346 323 323 346 346 346 327 346 327 415 0 0 327 419 419 416 416 419 416 416 396 0 416 416 416 368 368 368 368 368 368 368 419 305 305 305 305 305 351 397 397 397 397 397 397 397 397 0 0 488 0 0 0 0 351 397 396
-9999 -9999 -9999 -9999 404 404 427 427 404 409 427 427 427 396 0 0 0 0 366 0 0 366 366 366 366 323 346 346 346 346 346 346 346 346 346 346 327 327 0 0 0 327 419 416 416 416 416 416 416 416 416 416 416 416 368 419 368 368 368 419 419 419 305 397 305 305 305 397 351 397 0 397 351 0 0 365 397 305 488 488 0 0 351 351 397 397
-9999 -9999 -9999 -9999 404 290 412 0 404 427 427 396 396 404 409 0 0 0 366 366 0 0 0 0 346 346 346 346 346 346 346 346 346 346 346 346 346 346 346 346 381 419 416 416 419 416 416 416 416 416 396 396 416 416 368 419 368 368 368 419 419 419 419 397 419 419 305 351 0 0 0 365 351 397 0 397 365 305 488 488 0 0 0 397 397 397
-9999 -9999 -9999 -9999 336 336 290 412 412 412 290 396 396 396 404 0 0 0 0 366 0 346 0 0 0 346 346 0 346 346 346 346 346 327 346 346 346 346 346 381 381 396 396 396 396 416 416 416 396 419 396 368 416 416 368 419 368 368 368 368 368 368 305 419 419 419 419 351 351 397 0 0 351 351 0 0 305 488 488 0 0 0 0 351 397 397
-9999 -9999 -9999 -9999 336 336 336 290 412 412 290 396 396 396 0 0 0 0 320 0 0 0 0 0 0 0 346 0 0 346 346 346 327 327 346 346 346 328 381 381 415 416 396 416 416 416 419 419 396 396 368 368 416 416 419 419 419 419 419 419 368 368 368 419 419 419 419 419 351 397 488 0 0 0 351 488 0 305 488 0 0 0 0 397 397 397
-9999 -9999 -9999 409 622 336 336 290 412 0 290 396 396 396 396 0 0 0 320 0 0 0 346 0 0 0 0 0 0 0 0 0 346 346 346 346 328 346 381 381 396 419 396 396 396 416 419 419 419 419 419 368 368 419 397 397 419 419 419 419 419 368 419 419 419 419 419 419 397 397 397 397 0 488 351 488 488 0 488 0 0 0 351 397 397 0
-9999 -9999 -9999 622 622 336 336 290 290 412 0 290 396 396 396 0 0 381 381 0 320 0 346 0 336 336 0 0 0 0 0 0 0 346 346 328 346 381 396 419 416 419 419 419 419 368 419 397 397 397 419 419 416 397 397 368 419 419 419 419 419 419 419 419 365 419 419 419 419 397 0 351 351 351 351 0 488 0 0 0 0 0 0 397 397 0
-9999 -9999 -9999 622 0 336 336 336 336 336 9 290 290 396 396 0 0 381 336 336 320 320 336 336 336 336 374 0 0 0 253 0 0 346 346 346 346 346 396 396 416 419 419 396 368 368 397 397 397 397 397 399 416 416 416 368 419 419 419 419 419 419 419 365 365 419 419 419 419 397 351 351 396 351 0 0 0 0 0 0 488 0 0 397 397 305
-9999 -9999 -9999 622 0 336 336 336 336 336 336 336 290 290 290 0 0 0 336 336 320 396 336 336 336 336 0 374 0 0 253 0 0 0 346 0 346 396 396 419 419 419 419 419 419 419 397 0 0 399 397 368 419 416 416 368 368 368 419 419 365 365 365 365 368 419 419 419 419 419 351 0 368 368 351 351 0 0 0 488 0 0 0 305 305 305
-9999 -9999 -9999 404 622 336 336 336 336 336 336 336 0 290 290 336 0 0 320 320 320 381 396 396 346 346 374 374 0 0 253 0 0 0 346 0 396 419 419 419 419 419 419 419 419 262 399 399 0 260 0 397 419 416 368 368 368 419 419 365 365 365 0 368 368 368 419 419 396 368 396 368 396 368 396 351 0 351 0 0 0 0 0 305 305 305
-9999 -9999 -9999 404 622 622 336 336 336 336 336 336 336 0 336 336 336 381 381 381 381 381 396 396 396 346 346 0 0 346 346 346 0 0 346 0 0 419 396 419 419 419 419 260 260 262 0 0 399 419 0 260 419 368 368 368 368 416 368 365 368 368 404 404 368 368 368 368 368 368 368 396 368 378 396 0 412 351 351 0 0 0 305 305 305 305
-9999 -9999 0 404 404 622 622 336 336 336 336 336 336 336 336 336 336 381 381 381 381 381 381 381 396 346 346 374 0 346 346 346 346 346 389 0 0 396 305 419 419 260 260 260 419 262 260 260 419 0 0 260 419 419 419 368 368 368 368 404 404 404 404 404 404 368 368 368 368 368 368 368 404 378 0 412 419 419 419 0 0 305 305 0 275 244
-9999 -9999 0 404 404 404 622 622 336 336 336 336 336 336 336 336 381 381 381 381 381 381 381 381 381 346 346 346 374 374 389 0 290 0 0 0 0 346 305 260 260 260 260 260 262 262 260 0 419 0 0 399 399 399 399 378 419 404 404 404 404 404 404 404 404 404 378 378 378 378 378 378 378 412 412 419 419 419 419 419 0 305 305 305 305 305
-9999 -9999 0 0 404 404 404 622 622 336 336 336 336 0 336 336 336 0 381 381 381 381 381 381 381 381 346 346 374 389 0 0 0 0 320 0 0 0 0 260 260 260 260 262 262 260 260 0 0 290 0 399 399 399 412 378 378 378 378 419 404 404 404 404 404 404 404 378 378 399 378 378 378 412 419 419 412 419 419 419 0 0 305 305 305 305
-9999 -9999 0 0 0 404 404 622 622 622 336 336 336 336 336 381 381 381 0 343 343 381 381 381 381 381 346 374 374 374 374 374 0 0 0 0 284 0 285 0 260 311 311 262 262 260 399 0 290 290 290 0 0 0 399 399 412 412 412 378 419 404 404 404 404 404 378 378 378 399 412 412 412 412 419 419 419 419 305 0 305 0 305 305 305 305
-9999 -9999 0 0 404 404 404 404 622 0 0 0 336 336 336 336 381 381 336 0 343 343 343 343 343 381 374 374 374 374 374 374 374 0 0 0 0 284 284 0 0 260 311 311 262 260 0 290 0 0 0 290 0 260 419 412 399 412 378 378 419 404 404 404 404 404 378 378 378 412 412 412 419 419 419 419 419 0 305 0 305 305 305 305 305 305
-9999 -9999 0 0 0 404 404 404 404 0 0 336 336 336 336 336 336 336 336 336 336 0 343 343 343 374 374 374 374 0 0 374 0 0 0 0 320 0 0 0 0 0 0 311 260 260 260 260 260 260 260 260 260 0 260 412 412 412 412 378 419 404 404 404 404 378 378 389 412 412 412 305 419 419 412 419 419 0 0 0 305 305 305 305 244 244
-9999 0 0 0 0 0 404 404 404 0 0 0 0 336 0 336 336 336 336 0 0 343 374 0 374 381 374 374 374 0 0 0 0 374 320 320 320 284 284 284 284 284 284 260 260 260 260 260 260 0 0 0 0 401 401 401 401 401 412 378 419 419 404 404 404 404 378 378 389 412 412 389 419 419 419 419 419 0 305 0 305 305 305 305 244 305
-9999 0 0 0 0 0 404 404 0 0 0 0 0 0 0 336 0 0 0 343 0 0 374 374 381 374 0 374 374 0 0 374 374 320 397 397 305 260 260 260 260 260 260 305 260 0 260 260 260 260 260 260 0 0 0 311 401 412 412 412 317 317 317 317 317 378 378 378 0 0 285 285 419 285 419 419 305 244 0 244 244 305 305 305 244 244
-9999 366 0 0 0 0 404 404 343 343 0 343 0 0 0 381 336 336 343 343 343 343 381 381 374 374 0 0 0 374 343 343 343 374 0 397 397 305 305 305 284 284 305 305 0 260 260 260 260 260 260 260 260 260 260 260 401 412 412 412 412 412 317 317 317 317 317 0 0 358 285 419 419 419 419 419 305 305 0 0 244 305 305 305 275 -9999
-9999 397 0 0 0 0 343 343 343 343 0 0 0 0 0 381 381 396 343 0 346 343 0 0 335 335 335 0 374 374 374 374 374 374 0 359 397 305 305 260 284 284 305 260 260 260 0 311 260 260 260 260 260 260 260 401 401 396 396 412 412 412 317 317 317 317 317 0 285 285 285 419 419 419 419 419 305 305 0 0 0 305 305 275 275 0
-9999 397 397 0 0 0 343 343 381 335 343 0 346 0 0 381 381 343 343 0 0 0 0 0 335 335 374 0 374 374 374 343 343 0 374 0 359 359 359 305 0 0 0 0 0 260 260 260 260 260 260 260 260 260 260 311 260 396 412 285 285 285 399 285 285 399 396 396 285 285 285 285 419 419 419 305 305 305 0 0 305 305 305 0 0 275
