paleon_sand.asc
ncols         141
nrows         178
xllcorner     -61944.131932524
yllcorner     66412.68209395
cellsize      8000
NODATA_value  -9999
[rows 37 to 73 of 178, columns 0 to 82 of 141]
-9999 -9999 -9999 -9999 6.8 28.1 6.8 28.1 37.9 35.2 83.5 83.5 83.5 83.5 83.5 83.8 39.1 39.1 66.3 66.3 18.1 18.1 0 93.6 67.4 68.3 93.6 68.3 68.3 68.3 68.3 68.3 68.3 55.8 0 0 7.2 45.7 45.7 0 58.6 68.1 68.1 68.1 68.1 0 69.1 0 0 0 33.5 7.7 -9999 -9999 -9999 -9999 -9999 -9999 -9999 -9999 -9999 -9999 -9999 -9999 -9999 -9999 -9999 -9999 -9999 -9999 -9999 -9999 -9999 -9999 -9999 -9999 -9999 -9999 -9999 -9999 70.4 94.4 83.5
-9999 -9999 -9999 -9999 6.8 28.1 6.8 37.9 37.9 35.2 83.5 65.7 65.7 83.5 83.5 83.8 39.1 39.1 66.3 66.3 66.3 18.1 18.1 0 67.4 68.3 68.3 77.7 0 93.6 77.7 68.3 68.3 55.8 37.9 7.2 7.2 70.5 70.5 68.1 68.1 68.1 0 0 0 0 0 0 0 0 7.7 -9999 -9999 -9999 -9999 -9999 -9999 -9999 -9999 -9999 -9999 -9999 -9999 -9999 -9999 -9999 -9999 -9999 -9999 -9999 -9999 -9999 -9999 -9999 -9999 -9999 -9999 -9999 -9999 94.4 65.7 83.5 82.5
-9999 -9999 -9999 -9999 -9999 28.1 28.1 6.8 37.9 0 6.9 65.7 83.5 39.1 39.1 83.8 39.1 39.1 66.3 66.3 66.3 18.1 18.1 0 67.4 68.3 68.3 77.7 67.4 93.6 77.7 55.8 55.8 0 32.6 0 70.5 70.5 70.5 68.1 0 0 0 0 0 0 0 0 0 -9999 -9999 -9999 -9999 -9999 -9999 -9999 -9999 -9999 7.7 7.7 7.7 -9999 -9999 -9999 -9999 -9999 -9999 -9999 -9999 -9999 -9999 -9999 -9999 -9999 -9999 -9999 -9999 -9999 94.4 94.4 70.4 93.6 82.5
-9999 -9999 -9999 -9999 -9999 28.1 28.1 28.1 37.9 37.9 6.9 6.9 83.5 83.5 0 83.8 39.1 39.1 66 66 66 18.1 93.6 0 0 68.3 68.3 67.4 0 93.6 55.8 55.8 32.6 32.6 0 37.9 0 0 68.1 0 0 0 0 78.2 78.2 33.5 33.5 0 7.7 -9999 -9999 -9999 -9999 -9999 -9999 7.7 7.7 7.7 7.7 7.7 7.7 -9999 -9999 -9999 -9999 -9999 -9999 -9999 -9999 -9999 -9999 -9999 -9999 -9999 -9999 -9999 26.5 26.5 26.5 83.5 93.6 82.5 82.6
-9999 -9999 -9999 -9999 -9999 28.1 28.1 6.8 35.2 37.9 83.5 34.7 6.9 83.5 83.8 83.8 39.1 39.1 18.1 66 66 66 93.6 0 0 68.3 0 93.6 93.6 77.7 68.1 68.1 68.1 68.1 68.1 55.8 0 0 68.1 0 0 0 78.2 78.2 78.2 78.2 7.7 7.7 7.7 7.7 7.7 7.7 7.7 7.7 7.7 7.7 90.2 90.2 90.2 0 -9999 -9999 -9999 -9999 -9999 -9999 -9999 -9999 -9999 -9999 -9999 68 26.5 26.5 26.5 26.5 26.5 26.5 0 94.6 94.6 82.5 82.6
-9999 -9999 -9999 -9999 -9999 28.1 28.1 28.1 35.2 37.9 0 34.7 6.9 83.5 83.5 39.1 39.1 18.1 18.1 66.3 66.3 66.3 77.7 93.6 0 67.4 93.6 93.6 93.6 77.7 77.7 68.1 79.2 79.2 79.2 68.1 79.2 79.2 0 37.9 37.9 0 78.2 68.1 78.2 7.7 7.7 7.7 7.7 7.7 7.7 7.7 7.7 7.7 7.7 90.2 90.2 90.2 90.2 0 -9999 -9999 -9999 -9999 -9999 -9999 -9999 -9999 -9999 26.5 68 26.5 26.5 26.5 26.5 26.5 26.5 82.6 0 94.4 21.7 21.7 82.5
-9999 -9999 -9999 -9999 -9999 28.1 28.1 6.8 35.2 35.2 0 34.7 34.7 6.9 6.9 39.1 79.2 18.1 18.1 66.3 66.3 66.3 18.1 93.6 77.7 77.7 93.6 93.6 68.3 77.7 77.7 68.1 96 96 96 0 0 65.9 65.9 68.1 37.9 68.1 68.1 0 7.7 7.7 7.7 68.5 68.5 7.7 7.7 0 90.2 90.2 90.2 90.2 90.2 90.2 0 0 0 0 -9999 -9999 -9999 -9999 -9999 90.2 26.5 90.2 90.2 26.5 26.5 26.5 26.5 26.5 18.5 82.6 0 26.5 18.5 0 0
-9999 -9999 -9999 -9999 -9999 28.1 28.1 28.1 35.2 35.2 35.2 37.9 6.9 6.9 6.9 39.1 39.1 79.2 66.9 66.3 66.3 66.3 77.7 67.4 95.9 67.4 96.8 68.3 68.3 68.3 68.1 68.1 0 0 65.9 65.9 65.9 65.9 68.5 68.5 68.1 96 68.1 68.1 0 68.5 68.5 68.5 68.5 68.5 68.5 68.5 90.2 90.2 90.2 90.2 0 0 0 0 0 0 0 0 26.5 90.2 90.2 90.2 90.2 90.2 90.2 90.2 90.2 82.6 82.6 82.6 82.6 0 83.5 26.5 18.5 93.6 93.6
-9999 -9999 -9999 -9999 -9999 28.1 28.1 28.1 28.1 35.2 35.2 37.9 37.9 6.9 37.9 83.5 39.1 79.2 66.9 66.3 66.3 77.7 67.4 67.4 67.4 93.6 77.7 68.3 68.3 68.3 68.1 68.1 0 0 65.9 65.9 0 65.9 68.5 68.5 96 96 68.1 68.5 0 0 68.5 0 68.5 0 68.5 90.2 90.2 90.2 0 0 90.2 0 0 0 0 0 90.2 0 0 0 90.2 90.2 90.2 90.2 90.2 90.2 90.2 82.6 82.6 82.6 82.6 8.2 82.6 0 26.5 33.9 33.9
-9999 -9999 -9999 -9999 28.1 28.1 28.1 28.1 28.1 35.2 35.2 37.9 37.9 22.1 6.9 6.9 34.2 79.2 66.9 66.3 66.3 66.3 67.4 68.3 68.3 93.6 77.7 68.3 68.3 68.3 77.7 68.1 0 0 65.9 65.9 65.9 65.9 65.9 68.1 68.1 68.1 68.5 68.5 68.5 68.5 68.5 68.5 68.5 68.5 90.2 90.2 90.2 90.2 90.2 0 0 0 0 0 0 0 0 71.1 71.1 71.1 90.2 90.2 90.2 90.2 90.2 90.2 90.2 90.2 82.6 82.6 83.5 82.6 82.6 0 0 33.9 33.3
-9999 -9999 -9999 -9999 28.1 28.1 28.1 28.1 39.8 39.8 35.2 37.9 37.9 44.8 44.8 83.5 44.8 44.8 44.8 66.9 66.3 66.3 67.4 68.3 68.3 68.3 77.7 68.3 68.3 68.3 65.9 65.9 65.9 65.9 65.9 65.9 65.9 65.9 65.9 68.1 68.1 68.5 68.5 68.5 68.5 68.5 68.5 68.5 90.2 90.2 90.2 90.2 90.2 71.1 0 0 0 0 71.1 0 0 0 0 71.1 0 0 0 90.2 90.2 90.2 90.2 90.2 90.2 90.2 90.2 83.5 83.5 83.5 83.5 83.5 93.6 32.9 32.9
-9999 -9999 35.2 35.2 6.8 28.1 6.8 39.8 39.8 35.2 35.2 37.9 37.9 44.8 44.8 83.5 44.8 44.8 44.8 66.9 66.9 67.4 67.4 67.4 68.3 96.8 96.8 66 68.3 68.3 65.9 65.9 65.9 65.9 65.9 65.9 65.9 65.9 65.9 68.1 68.5 68.5 68.5 68.5 68.5 68.5 68.5 90.2 90.2 90.2 90.2 90.2 71.1 0 0 0 0 0 0 0 0 0 0 0 0 0 0 0 0 90.2 90.2 90.2 90.2 90.2 90.2 90.2 83.5 83.5 83.5 32.9 32.9 32.9 32.9
-9999 35.2 35.2 35.2 35.2 6.8 6.8 39.8 39.8 35.2 94.4 37.9 37.9 37.9 37.9 83.5 83.5 39.1 39.1 66.9 66.9 67.4 67.4 67.5 67.5 96.8 96.8 96.8 68.3 0 0 68.3 65.9 65.9 65.9 65.9 65.9 65.9 65.9 69.1 68.5 68.5 69.1 69.1 68.5 90.2 90.2 90.2 90.2 90.2 90.2 0 0 0 0 0 0 0 0 0 0 0 0 0 0 0 0 0 0 0 0 90.2 90.2 90.2 90.2 90.2 64.8 83.5 64.8 32.9 32.9 32.9 64.8
-9999 -9999 35.2 35.2 35.2 35.2 39.8 35.2 35.2 35.2 94.4 37.9 37.9 37.9 37.9 37.9 90.6 39.1 37.9 96.8 39.1 67.4 67.4 67.5 67.5 96.8 77.7 68.3 68.3 65.9 65.9 65.9 65.9 65.9 65.9 65.9 65.9 65.9 65.9 65.9 0 96 96 96 96 90.2 90.2 90.2 90.2 90.2 0 0 0 0 0 0 0 0 0 0 0 0 0 0 0 0 0 0 0 0 0 0 0 0 90.2 79.2 64.8 64.8 64.8 64.8 64.8 64.8 64.8
-9999 -9999 35.2 35.2 35.2 17.8 35.2 35.2 35.2 35.2 37.9 37.9 37.9 37.9 37.9 90.6 90.6 37.9 37.9 96.8 39.1 39.1 42.4 39.1 67.5 68.3 96.8 68.3 68.3 65.9 65.9 65.9 65.9 65.9 96 96 65.9 21.7 65.9 65.9 0 96 0 96 68.1 0 90.2 0 90.2 90.2 90.2 90.2 0 0 0 0 0 0 0 0 0 0 0 0 0 0 90.2 90.2 0 90.2 90.2 90.2 90.2 90.2 90.2 0 64.8 64.8 64.8 64.8 64.8 64.8 64.8
-9999 -9999 0 0 0 17.8 17.8 17.8 35.2 35.2 6.2 39.1 37.9 37.9 37.9 37.9 90.6 90.6 37.9 37.9 42.4 42.4 42.4 90.6 68.3 68.3 96.8 68.3 65.9 0 65.9 65.9 65.9 65.9 96 21.7 21.7 37.9 37.9 37.9 96 96 0 0 68.1 32.1 90.2 90.2 90.2 0 0 0 0 0 0 0 0 0 0 0 43.3 0 0 0 90.2 90.2 90.2 0 90.2 90.2 90.2 90.2 90.2 90.2 90.2 64.8 64.8 64.8 64.8 64.8 64.8 64.8 64.8
-9999 -9999 -9999 -9999 0 17.8 0 17.8 37.9 94.4 6.2 39.1 37.9 37.9 37.9 37.9 90.6 90.6 37.9 37.9 37.9 42.4 42.4 67.4 67.4 90.6 96.8 68.3 65.9 65.9 0 65.9 21.7 21.7 37.9 37.9 95.9 37.9 65.5 96 96 37.9 68.1 32.1 32.1 32.1 32.1 0 90.2 0 0 0 0 0 43.3 43.3 43.3 43.3 43.3 43.3 43.3 0 0 0 0 90.2 90.2 90.2 90.2 90.2 0 90.2 90.2 90.2 90.2 90.2 64.8 0 0 64.8 64.8 0 0
-9999 -9999 -9999 -9999 0 0 0 17.5 17.5 17.5 17.5 39.2 39.2 37.9 37.9 37.9 90.6 90.6 90.6 37.9 37.9 37.9 90.6 67.4 67.4 90.6 96.8 96.8 95.9 95.9 65.9 65.9 95.9 95.9 95.9 37.9 95.9 37.9 65.5 96 96 37.9 32.1 32.1 0 0 32.1 0 0 30.9 0 0 0 0 43.3 43.3 43.3 43.3 43.3 43.3 43.3 32.1 0 0 0 0 0 77.9 90.2 90.2 90.2 90.2 90.2 90.2 90.2 90.2 0 0 64.8 0 0 0 0
-9999 -9999 -9999 -9999 0 19.2 34.2 34.2 39.5 17.5 39.2 39.2 39.2 38.5 37.9 43.2 43.2 65.1 90.6 65.7 37.9 90.6 90.6 90.6 90.6 67.4 83.8 96.8 96.8 95.9 95.9 95.9 95.9 95.9 95.9 95.9 37.9 37.9 96 96 96 37.9 32.1 0 0 0 0 0 0 0 0 0 0 0 43.3 32.1 43.3 43.3 43.3 32.1 32.1 32.1 0 90.2 0 0 0 90.2 77.9 90.2 0 90.2 77.9 0 0 0 90.2 0 64.8 64.8 0 0 77.9
-9999 -9999 -9999 -9999 0 6.7 6.3 35.2 39.5 39.2 39.2 38.5 38.5 6.2 17.5 43.2 43.2 43.2 90.6 90.6 68 68 68 68 66.8 66.8 83.8 96.8 96.8 96.8 95.9 95.9 93.6 93.6 95.9 95.9 95.9 95.9 95.9 95.9 39.1 32.1 0 0 32.1 0 0 0 0 0 30.9 30.9 0 0 43.3 32.1 43.3 43.3 43.3 32.1 32.1 32.1 68 90.2 32.1 68 0 77.9 0 0 0 0 77.9 90.2 0 90.2 0 0 64.8 64.8 0 0 0
-9999 -9999 -9999 -9999 38.5 38.5 6.7 6.3 66.8 66.8 6.8 38.5 38.5 38.5 6.2 43.2 43.2 43.2 65.1 90.6 68 66.9 32.5 68 68 83.8 83.8 18.1 96.8 96.8 96.8 95.9 93.6 69.3 95.9 95.9 95.9 95.9 95.9 39.1 39.1 30.9 30.9 30.9 30.9 0 0 0 30.9 67.7 30.9 43.3 0 0 43.3 32.1 43.3 43.3 43.3 43.3 43.3 43.3 0 68 68 68 68 77.9 77.9 90.2 0 0 77.9 77.9 0 0 0 64.8 64.8 0 0 0 0
-9999 -9999 -9999 -9999 38.5 38.5 38.5 6.7 6.3 66.8 6.8 38.5 38.5 38.5 39.1 39.1 43.2 43.2 23.3 43.2 43.3 43.3 32.5 68 43.2 68 96.8 36.5 18.1 96.8 96.8 96.8 69.3 69.3 95.9 95.9 95.9 70.4 39.1 39.1 65.5 0 30.9 0 0 0 67.7 67.7 30.9 30.9 43.3 43.3 0 0 32.1 32.1 21.2 21.2 21.2 21.2 43.3 43.3 43.3 68 68 68 68 68 77.9 90.2 64.8 0 0 0 77.9 64.8 0 0 64.8 0 0 0 0
-9999 -9999 -9999 29.6 39.8 38.5 38.5 6.7 6.3 39.8 6.8 38.5 38.5 38.5 38.5 39.1 39.1 65.1 23.3 43.2 43.2 43.2 66.9 16.9 68 18.1 36.5 36.5 36.5 18.1 17.7 17.7 96.8 96.8 95.9 95.9 70.4 95.9 39.1 39.1 30.9 32.1 30.9 30.9 30.9 0 67.7 67.7 67.7 32.1 32.1 43.3 43.3 21.2 90.2 90.2 21.2 21.2 21.2 21.2 21.2 43.3 68 68 68 66.3 68 68 90.2 90.2 90.2 90.2 0 64.8 77.9 64.8 64.8 0 64.8 0 0 0 77.9
-9999 -9999 -9999 39.8 39.8 38.5 38.5 6.7 6.7 6.3 39.8 6.7 38.5 38.5 38.5 39.1 39.1 33.5 33.5 39.1 23.3 43.2 66.9 68 0 0 36.5 36.5 36.5 36.5 18.1 17.7 17.7 96.8 95.9 70.4 95.9 62.6 30.9 84.3 0 32.1 32.1 67.7 67.7 43.3 67.7 44.8 44.8 44.8 32.1 32.1 0 90.2 90.2 43.3 21.2 21.2 21.2 21.2 21.2 21.2 68 68 0 66.3 66.3 68 68 90.2 0 77.9 77.9 77.9 77.9 0 64.8 0 0 0 0 0 0
-9999 -9999 -9999 39.8 0 38.5 38.5 38.5 38.5 38.5 6.8 6.7 6.7 38.5 38.5 39.1 39.1 33.5 38.5 38.5 23.3 23.3 0 0 0 0 41.6 36.5 36.5 18.1 0 17.7 17.7 96.8 96.8 95.9 95.9 95.9 30.9 30.9 0 32.1 67.7 30.9 43.3 43.3 44.8 44.8 44.8 44.8 44.8 83.8 0 0 0 43.3 32.1 21.2 21.2 21.2 21.2 21.2 68 0 0 66.3 66.3 68 68 90.2 77.9 77.9 67.3 77.9 0 0 0 0 0 0 64.8 0 0
-9999 -9999 -9999 39.8 0 38.5 38.5 38.5 38.5 38.5 38.5 38.5 6.7 6.7 6.7 39.1 39.1 39.1 38.5 38.5 23.3 35.4 0 0 0 0 36.5 41.6 36.5 18.1 0 17.7 17.7 17.7 96.8 17.7 95.9 30.9 30.9 32.1 32.1 32.1 67.7 67.7 67.7 67.7 44.8 44.8 44.8 83.8 44.8 43.3 32.1 0 0 43.3 43.3 43.3 21.2 21.2 0 0 0 0 43.3 66.3 66.3 66.3 66.3 66.3 77.9 0 43.3 43.3 77.9 77.9 0 0 0 64.8 0 0 0
-9999 -9999 -9999 39.8 39.8 38.5 38.5 38.5 38.5 38.5 38.5 38.5 39.8 6.7 6.7 38.5 39.1 39.1 23.3 23.3 23.3 35.4 35.4 35.4 34 34 39.1 41.6 36.5 18.1 0 0 17.7 17.7 96.8 7.2 30.9 84.3 84.3 32.1 32.1 67.7 67.7 67.7 67.7 0 83.8 83.8 44.8 7.2 44.8 44.8 32.1 0 43.3 43.3 43.3 21.2 21.2 0 0 0 0 43.3 43.3 43.3 66.3 66.3 67.3 43.3 67.3 43.3 67.3 43.3 67.3 77.9 0 77.9 0 0 0 0 0
-9999 -9999 -9999 39.8 39.8 39.8 38.5 38.5 38.5 38.5 38.5 38.5 38.5 39.8 38.5 38.5 38.5 35.4 35.4 35.4 35.4 35.4 35.4 35.4 35.4 34 34 36.5 36.5 38.5 38.5 38.5 17.7 17.7 96.8 7.2 69.6 84.3 30.9 32.1 32.1 67.7 67.7 13.9 13.9 0 44.8 44.8 83.8 32.1 44.8 7.2 32.1 43.3 43.3 43.3 43.3 0 43.3 0 43.3 43.3 11.2 11.2 43.3 43.3 43.3 43.3 43.3 43.3 43.3 67.3 43.3 32.1 67.3 0 82.8 77.9 77.9 0 0 0 83.5
-9999 -9999 37.2 39.8 39.8 39.8 39.8 38.5 38.5 38.5 38.5 38.5 38.5 38.5 38.5 38.5 38.5 35.4 35.4 35.4 35.4 35.4 35.4 35.4 35.4 34 34 41.6 36.5 38.5 38.5 96.8 92.1 92.1 37.4 69.6 69.6 30.9 13.9 32.1 32.1 13.9 13.9 13.9 67.7 0 7.2 7.2 32.1 44.8 44.8 7.2 32.1 32.1 32.1 43.3 43.3 43.3 43.3 11.2 11.2 11.2 11.2 11.2 11.2 43.3 43.3 43.3 43.3 43.3 43.3 43.3 11.2 32.1 0 82.8 83 83 83 0 0 83.5 83.5
-9999 -9999 37.2 39.8 39.8 39.8 39.8 39.8 38.5 38.5 38.5 38.5 38.5 38.5 38.5 38.5 35.4 35.4 35.4 35.4 35.4 35.4 35.4 35.4 35.4 34 34 34 41.6 41.6 37.4 18.1 84.3 69.6 69.6 69.6 91 66.8 13.9 13.9 13.9 13.9 13.9 13.9 0 0 7.2 44.8 32.1 44.8 44.8 83.8 83.8 83.8 83.8 5.5 13.8 11.2 11.2 11.2 11.2 11.2 11.2 11.2 11.2 11.2 32.1 32.1 32.1 32.1 32.1 32.1 32.1 82.8 82.8 83 83 83 83 83 0 83.5 83.5
-9999 -9999 6.7 37.2 39.8 39.8 39.8 39.8 39.8 38.5 38.5 38.5 38.5 77.7 38.5 38.5 38.5 39.8 35.4 35.4 35.4 35.4 35.4 35.4 35.4 35.4 34 34 41.6 37.4 18.1 18.1 36.5 69.6 6.2 91 91 91 91 13.9 13.9 13.9 13.9 0 0 7.2 7.2 44.8 44.8 84.3 44.8 83.8 83.8 83.8 30.1 5.5 5.5 5.5 5.5 13.8 11.2 11.2 11.2 11.2 11.2 11.2 11.2 32.1 32.1 83.8 32.1 32.1 32.1 82.8 83 83 82.8 83 83 83 67.7 67.7 83.5
-9999 -9999 6.7 37.9 37.2 39.8 39.8 39.8 39.8 39.8 38.5 38.5 38.5 38.5 38.5 33.5 33.5 33.5 39.8 0 0 35.4 35.4 35.4 35.4 35.4 34 41.6 41.6 41.6 41.6 39.8 36.5 36.5 96 91 14.2 91 78.5 0 7.2 94.1 94.1 0 0 7.2 13.9 70.5 84.3 84.3 84.3 44.8 44.8 44.8 83.8 83.8 30.1 30.1 30.1 5.5 13.8 11.2 11.2 11.2 11.2 11.2 32.1 32.1 32.1 83.8 37.9 37.9 82.8 82.8 83 83 83 83 83.5 67.7 83.5 67.7 42.1
-9999 -9999 6.7 6.7 39.8 39.8 39.8 39.8 39.8 6.9 6.9 6.9 38.5 38.5 38.5 38.5 33.5 33.5 38.5 39.8 0 0 0 0 0 35.4 41.6 41.6 41.6 41.6 41.6 39.8 39.8 36.5 39.8 7.2 91 14.2 14.2 14 0 7.2 94.1 94.1 0 7.2 70.5 84.3 44.8 44.8 44.8 84.3 44.8 7.2 32.1 30.1 83.8 30.1 5.5 5.5 13.8 11.2 11.2 11.2 11.2 11.2 32.1 32.1 32.1 37.9 37.9 37.9 83 83 83 83 83 67.7 83.5 67.7 83.5 83.5 42.1
-9999 -9999 7.3 7.3 37.9 39.8 39.8 39.8 39.8 6.9 6.9 38.5 38.5 38.5 38.5 38.5 38.5 38.5 38.5 38.5 38.5 39.8 0 0 0 41.6 41.6 41.6 41.6 33.6 33.6 39.8 36.5 39.8 39.8 77.7 6.2 77.7 14 14 14 14 77.7 94.1 7.2 7.2 7.2 7.2 7.2 7.2 7.2 7.2 7.2 44.8 7.2 30.1 30.1 30.1 30.1 5.5 13.8 11.2 11.2 11.2 11.2 32.1 32.1 80.5 37.9 37.9 37.9 83.5 83 83 82.8 83 83 67.7 67.7 67.7 42.1 42.1 42.1
-9999 6.7 6.7 7.3 7.3 37.9 39.8 39.8 39.8 35.4 6.9 6.9 6.9 38.5 90.7 38.5 38.5 38.5 38.5 90.7 41.4 0 41.6 0 41.6 35.4 39.8 41.6 41.6 33.6 33.6 33.6 36.5 33.6 6.2 6.2 6.2 14.2 14.2 14.2 14.2 14.2 14.2 7.2 7.2 7.2 7.2 7.2 7.2 44.8 44.8 44.8 44.8 30.4 30.4 30.4 30.4 30.4 30.1 5.5 13.8 13.8 11.2 11.2 11.2 11.2 32.1 32.1 80.5 37.9 37.9 80.5 83 83 83 83 83 67.7 83.5 67.7 42.1 42.1 42.1
-9999 6.7 7 7 7.3 37.9 39.8 39.8 37.9 35.4 6.9 6.9 6.9 6.9 6.9 38.5 90.7 90.7 90.7 0 41.4 41.4 39.8 39.8 35.4 39.8 33.6 41.6 41.6 33.6 33.6 33.6 33.6 6.2 6.3 6.3 42.1 7.2 7.2 7.2 7.2 7.2 7.2 6.8 13.9 70.5 7.2 7.2 7.2 7.2 7.2 7.2 44.8 44.8 44.8 66.8 30.4 30.1 30.1 30.1 30.1 30.1 30.1 30.1 30.1 32.1 32.1 32.1 30.1 95.5 95 96.5 83 96.5 83 83 37.1 91 82.9 91 91 42.1 42.1
-9999 7.2 6.7 6.7 6.7 6.7 39.8 39.8 0 0 35.4 0 35.4 37.4 37.4 35.4 38.5 38.5 0 0 0 0 18.1 18.1 39.8 39.8 33.6 33.6 33.6 41.6 0 0 0 41.6 38.5 6.3 6.3 42.1 42.1 42.1 14.2 14.2 6.8 6.8 62.7 13.9 7.2 7.2 7.2 7.2 7.2 7.2 7.2 7.2 7.2 7.2 30.4 30.1 30.1 30.1 30.1 30.1 30.1 30.1 30.1 30.1 30.1 30.1 30.1 44.3 95 83 83 83 83 83 37.1 37.1 82.9 82.9 91 42.1 42.1
