Data/paleon_clay.asc
ncols         141
nrows         178
xllcorner     -61944.131932524
yllcorner     66412.68209395
cellsize      8000
NODATA_value  -9999
[rows 38 to 75 of 178, columns 0 to 85 of 141]
-9999 -9999 -9999 -9999 26 42.5 26 26.5 26.5 26.5 7.5 11.5 11.5 7.5 7.5 7 24 24 10.5 10.5 10.5 31 31 0 13 12 12 6 0 5 6 12 12 26.5 26.5 22.5 22.5 13 13 10.5 10.5 10.5 0 0 0 0 0 0 0 0 42.5 -9999 -9999 -9999 -9999 -9999 -9999 -9999 -9999 -9999 -9999 -9999 -9999 -9999 -9999 -9999 -9999 -9999 -9999 -9999 -9999 -9999 -9999 -9999 -9999 -9999 -9999 -9999 -9999 5 11.5 7 8.5 8.5 11.5 -9999
-9999 -9999 -9999 -9999 -9999 42.5 42.5 26 26.5 14 24.5 11.5 7.5 24 24 7 24 24 10.5 10.5 10.5 31 31 0 13 12 12 6 13 5 6 26.5 26.5 0 11 0 13 13 13 10.5 0 0 0 0 0 0 0 0 0 -9999 -9999 -9999 -9999 -9999 -9999 -9999 -9999 -9999 42.5 42.5 42.5 -9999 -9999 -9999 -9999 -9999 -9999 -9999 -9999 -9999 -9999 -9999 -9999 -9999 -9999 -9999 -9999 -9999 5 5 7.5 5 8.5 11.5 -9999 -9999
-9999 -9999 -9999 -9999 -9999 42.5 42.5 42.5 26.5 26.5 24.5 24.5 7.5 7.5 0 7 24 24 11 11 11 31 5 0 0 12 12 13 0 5 26.5 26.5 11 11 0 26.5 0 0 10.5 0 0 0 0 5.5 5.5 30 30 0 42.5 -9999 -9999 -9999 -9999 -9999 -9999 42.5 42.5 42.5 42.5 42.5 42.5 -9999 -9999 -9999 -9999 -9999 -9999 -9999 -9999 -9999 -9999 -9999 -9999 -9999 -9999 -9999 20 20 20 7 5 8.5 8.5 -9999 -9999 -9999
-9999 -9999 -9999 -9999 -9999 42.5 42.5 26 26.5 26.5 7.5 32.5 24.5 7.5 7 7 24 24 31 11 11 11 5 0 0 12 0 5 5 6 10.5 10.5 10.5 10.5 10.5 26.5 0 0 10.5 0 0 0 5.5 5.5 5.5 5.5 42.5 42.5 42.5 42.5 42.5 42.5 42.5 42.5 42.5 42.5 6 6 6 13 -9999 -9999 -9999 -9999 -9999 -9999 -9999 -9999 -9999 -9999 -9999 8.5 20 20 20 20 20 20 0 4 4 8.5 8.5 -9999 -9999 11.5
-9999 -9999 -9999 -9999 -9999 42.5 42.5 42.5 26.5 26.5 14 32.5 24.5 7.5 7.5 24 24 31 31 10.5 10.5 10.5 6 5 0 13 5 5 5 6 6 10.5 4 4 4 10.5 4 4 0 26.5 26.5 0 5.5 10.5 5.5 42.5 42.5 42.5 42.5 42.5 42.5 42.5 42.5 42.5 42.5 6 6 6 6 13 -9999 -9999 -9999 -9999 -9999 -9999 -9999 -9999 -9999 20 8.5 20 20 20 20 20 20 8.5 0 5 23.5 23.5 8.5 -9999 8.5 8.5
-9999 -9999 -9999 -9999 -9999 42.5 42.5 26 26.5 26.5 14 32.5 32.5 24.5 24.5 24 4 31 31 10.5 10.5 10.5 31 5 6 6 5 5 12 6 6 10.5 2.5 2.5 2.5 0 0 15 15 10.5 26.5 10.5 10.5 0 42.5 42.5 42.5 10 10 42.5 42.5 0 6 6 6 6 6 6 13 13 13 13 -9999 -9999 -9999 -9999 -9999 6 20 6 6 20 20 20 20 20 37.5 8.5 0 20 37.5 0 0 5 5 8.5
-9999 -9999 -9999 -9999 -9999 42.5 42.5 42.5 26.5 26.5 26.5 26.5 24.5 24.5 24.5 24 24 4 10 10.5 10.5 10.5 6 13 3.5 13 2.5 12 12 12 10.5 10.5 0 0 15 15 15 15 10 10 10.5 2.5 10.5 10.5 0 10 10 10 10 10 10 10 6 6 6 6 13 13 13 13 13 13 13 0 20 6 6 6 6 6 6 6 6 8.5 8.5 8.5 8.5 0 7.5 20 37.5 5 5 9 9 9
-9999 -9999 -9999 -9999 -9999 42.5 42.5 42.5 42.5 26.5 26.5 26.5 26.5 24.5 26.5 7.5 24 4 10 10.5 10.5 6 13 13 13 5 6 12 12 12 10.5 10.5 0 0 15 15 0 15 10 10 2.5 2.5 10.5 10 0 0 10 0 10 0 10 6 6 6 0 0 6 13 13 13 13 13 6 0 0 0 6 6 6 6 6 6 6 8.5 8.5 8.5 8.5 72.5 8.5 0 20 7 7 10 9 9
-9999 -9999 -9999 -9999 42.5 42.5 42.5 42.5 42.5 26.5 26.5 26.5 26.5 50 24.5 24.5 28.5 4 10 10.5 10.5 10.5 13 12 12 5 6 12 12 12 6 10.5 0 0 15 15 15 15 15 10.5 10.5 10.5 10 10 10 10 10 10 10 10 6 6 6 6 6 0 0 0 0 13 13 13 0 6.5 6.5 6.5 6 6 6 6 6 6 6 6 8.5 8.5 7.5 8.5 8.5 0 0 7 9 0 7.5 7.5
-9999 -9999 -9999 -9999 42.5 42.5 42.5 42.5 22.5 22.5 26.5 26.5 26.5 14 14 7.5 14 14 14 10 10.5 10.5 13 12 12 12 6 12 12 12 15 15 15 15 15 15 15 15 15 10.5 10.5 10 10 10 10 10 10 10 6 6 6 6 6 6.5 0 0 0 0 6.5 0 0 0 0 6.5 0 0 0 6 6 6 6 6 6 6 6 7.5 7.5 7.5 7.5 7.5 5 10 10 10 10 10
-9999 -9999 26.5 26.5 26 42.5 26 22.5 22.5 26.5 26.5 26.5 26.5 14 14 7.5 14 14 14 10 10 13 13 13 12 2.5 2.5 11 12 12 15 15 15 15 15 15 15 15 15 10.5 10 10 10 10 10 10 10 6 6 6 6 6 6.5 0 0 0 0 0 0 0 0 0 0 0 0 0 0 0 0 6 6 6 6 6 6 6 7.5 7.5 7.5 10 10 10 10 10 10 10
-9999 26.5 26.5 26.5 26.5 26 26 22.5 22.5 26.5 5 26.5 26.5 26.5 26.5 7.5 7.5 24 24 10 10 13 13 11.5 11.5 2.5 2.5 2.5 12 0 0 12 15 15 15 15 15 15 15 7 10 10 7 7 10 6 6 6 6 6 6 0 0 0 0 0 0 0 0 0 0 0 0 0 0 0 0 0 0 0 0 6 6 6 6 6 8.5 7.5 8.5 10 10 10 8.5 8.5 10 2.5
-9999 -9999 26.5 26.5 26.5 26.5 22.5 26.5 26.5 26.5 5 26.5 26.5 26.5 26.5 26.5 3 24 26.5 2.5 24 13 13 11.5 11.5 2.5 6 12 12 15 15 15 15 15 15 15 15 15 15 15 0 2.5 2.5 2.5 2.5 6 6 6 6 6 0 0 0 0 0 0 0 0 0 0 0 0 0 0 0 0 0 0 0 0 0 0 0 0 6 4 8.5 8.5 8.5 8.5 8.5 8.5 8.5 10 2.5 2.5
-9999 -9999 26.5 26.5 26.5 40 26.5 26.5 26.5 26.5 26.5 26.5 26.5 26.5 26.5 3 3 26.5 26.5 2.5 24 24 19.5 24 11.5 12 2.5 12 12 15 15 15 15 15 2.5 2.5 15 23.5 15 15 0 2.5 0 2.5 10.5 0 6 0 6 6 6 6 0 0 0 0 0 0 0 0 0 0 0 0 0 0 6 6 0 6 6 6 6 6 6 0 8.5 8.5 8.5 8.5 8.5 8.5 8.5 7 0 7
-9999 -9999 14 14 14 40 40 40 26.5 26.5 33 24 26.5 26.5 26.5 26.5 3 3 26.5 26.5 19.5 19.5 19.5 3 12 12 2.5 12 15 0 15 15 15 15 2.5 23.5 23.5 26.5 26.5 26.5 2.5 2.5 0 0 10.5 12 6 6 6 0 0 0 0 0 0 0 0 0 0 0 17 0 0 0 6 6 6 0 6 6 6 6 6 6 6 8.5 8.5 8.5 8.5 8.5 8.5 8.5 8.5 8.5 4 5
-9999 -9999 -9999 -9999 14 40 14 40 26.5 5 33 24 26.5 26.5 26.5 26.5 3 3 26.5 26.5 26.5 19.5 19.5 13 13 3 2.5 12 15 15 0 15 23.5 23.5 26.5 26.5 3.5 26.5 20.5 2.5 2.5 26.5 10.5 12 12 12 12 6.5 6 6.5 0 6.5 6.5 6.5 17 17 17 17 17 17 17 0 0 0 0 6 6 6 6 6 0 6 6 6 6 6 8.5 0 0 8.5 8.5 2.5 2.5 4 4 15
-9999 -9999 -9999 -9999 14 14 14 33.5 33.5 33.5 33.5 23.5 23.5 26.5 26.5 26.5 3 3 3 26.5 26.5 26.5 3 13 13 3 2.5 2.5 3.5 3.5 15 15 3.5 3.5 3.5 26.5 3.5 26.5 20.5 2.5 2.5 26.5 12 12 6.5 6.5 12 6.5 6.5 12.5 0 6.5 6.5 6.5 17 17 17 17 17 17 17 12 0 0 0 0 0 6 6 6 6 6 6 6 6 6 0 0 8.5 0 0 0 0 6 6 7
-9999 -9999 -9999 -9999 14 26.5 28.5 28.5 23 33.5 23.5 23.5 23.5 25 26.5 18 18 16 3 11.5 26.5 3 3 3 3 13 7 2.5 2.5 3.5 3.5 3.5 3.5 3.5 3.5 3.5 26.5 26.5 2.5 2.5 2.5 26.5 12 6.5 6.5 6.5 6.5 6.5 6.5 6.5 6.5 6.5 6.5 6.5 17 12 17 17 17 12 12 12 0 6 0 0 0 6 6 6 0 6 6 0 0 0 6 0 8.5 8.5 0 0 6 6 6 6
-9999 -9999 -9999 -9999 14 30.5 31.5 26.5 23 23.5 23.5 25 25 33 33.5 18 18 18 3 3 16 16 16 16 14 14 7 2.5 2.5 2.5 3.5 3.5 5 5 3.5 3.5 3.5 3.5 3.5 3.5 24 12 6.5 6.5 12 6.5 6.5 6.5 6.5 6.5 12.5 12.5 6.5 6.5 17 12 17 17 17 12 12 12 8.5 6 12 8.5 0 6 0 0 0 0 6 6 0 6 0 0 8.5 8.5 0 0 0 6 6 6
-9999 -9999 -9999 -9999 25 25 30.5 31.5 14 14 26 25 25 25 33 18 18 18 16 3 16 10 24.5 16 16 7 7 31 2.5 2.5 2.5 3.5 5 9 3.5 3.5 3.5 3.5 3.5 24 24 12.5 12.5 12.5 12.5 6.5 6.5 6.5 12.5 9 12.5 17 6.5 6.5 17 12 17 17 17 17 17 17 0 8.5 8.5 8.5 8.5 6 6 6 0 0 6 6 0 0 0 8.5 8.5 0 0 0 0 6 6 8.5
-9999 -9999 -9999 -9999 25 25 25 30.5 31.5 14 26 25 25 25 24 24 18 18 47.5 18 17 17 24.5 16 18 16 2.5 24 31 2.5 2.5 2.5 9 9 3.5 3.5 3.5 7.5 24 24 20.5 6.5 12.5 6.5 6.5 6.5 9 9 12.5 12.5 17 17 6.5 6.5 12 12 9.5 9.5 9.5 9.5 17 17 17 8.5 8.5 8.5 8.5 8.5 6 6 8.5 0 0 0 6 8.5 0 0 8.5 0 0 0 0 6 6 8.5
-9999 -9999 -9999 40 22.5 25 25 30.5 31.5 22.5 26 25 25 25 25 24 24 16 47.5 18 18 18 10 35 16 31 24 24 24 31 28.5 28.5 2.5 2.5 3.5 3.5 7.5 3.5 24 24 12.5 12 12.5 12.5 12.5 6.5 9 9 9 12 12 17 17 9.5 6 6 9.5 9.5 9.5 9.5 9.5 17 8.5 8.5 8.5 10.5 8.5 8.5 6 6 6 6 0 8.5 6 8.5 8.5 0 8.5 0 0 0 6 6 6 0
-9999 -9999 -9999 22.5 22.5 25 25 30.5 30.5 31.5 22.5 30.5 25 25 25 24 24 30 30 24 47.5 18 10 16 26.5 26.5 24 24 24 24 31 28.5 28.5 2.5 3.5 7.5 3.5 24 12.5 6.5 6.5 12 12 9 9 17 9 14 14 14 12 12 6.5 6 6 17 9.5 9.5 9.5 9.5 9.5 9.5 8.5 8.5 0 10.5 10.5 8.5 8.5 6 0 6 6 6 6 0 8.5 0 0 0 0 0 0 6 6 0
-9999 -9999 -9999 22.5 37.5 25 25 25 25 25 26.5 30.5 30.5 25 25 24 24 30 25 25 47.5 47.5 26.5 26.5 26.5 26.5 21 24 24 31 0 28.5 28.5 2.5 2.5 3.5 3.5 3.5 12.5 12.5 6.5 12 9 12.5 17 17 14 14 14 14 14 7 6.5 6.5 6.5 17 12 9.5 9.5 9.5 9.5 9.5 8.5 0 0 10.5 10.5 8.5 8.5 6 6 6 9.5 6 0 0 0 0 0 0 8.5 0 0 6 6 7
-9999 -9999 -9999 22.5 37.5 25 25 25 25 25 25 25 30.5 30.5 30.5 24 24 24 25 25 47.5 31 26.5 26.5 26.5 26.5 24 21 24 31 0 28.5 28.5 28.5 2.5 28.5 3.5 12.5 12.5 12 12 12 9 9 9 9 14 14 14 7 14 17 12 6.5 6.5 17 17 17 9.5 9.5 0 0 0 0 17 10.5 10.5 10.5 10.5 10.5 6 0 17 17 6 6 0 0 0 8.5 0 0 0 7 7 7
-9999 -9999 -9999 22.5 22.5 25 25 25 25 25 25 25 22.5 30.5 30.5 25 24 24 47.5 47.5 47.5 31 31 31 29 29 24 21 24 31 0 0 28.5 28.5 2.5 22.5 12.5 6.5 6.5 12 12 9 9 9 9 14 7 7 14 22.5 14 14 12 6.5 17 17 17 9.5 9.5 0 0 0 0 17 17 17 10.5 10.5 9.5 17 9.5 17 9.5 17 9.5 6 0 6 0 0 0 0 0 7 7 7
-9999 -9999 -9999 22.5 22.5 22.5 25 25 25 25 25 25 25 22.5 25 25 25 31 31 31 31 31 31 31 31 29 29 24 24 25 25 25 28.5 28.5 2.5 22.5 6.5 6.5 12.5 12 12 9 9 16 16 14 14 14 7 12 14 22.5 12 17 17 17 17 6.5 17 0 17 17 21.5 21.5 17 17 17 17 17 17 17 9.5 17 12 9.5 0 6.5 6 6 0 0 0 7 7 7 7
-9999 -9999 27.5 22.5 22.5 22.5 22.5 25 25 25 25 25 25 25 25 25 25 31 31 31 31 31 31 31 31 29 29 21 24 25 25 2.5 4 4 27 6.5 6.5 12.5 16 12 12 16 16 16 9 14 22.5 22.5 12 14 14 22.5 12 12 12 17 17 17 17 21.5 21.5 21.5 21.5 21.5 21.5 17 17 17 17 17 17 17 21.5 12 0 6.5 8 8 8 0 0 7 7 11.5 7.5 8.5
-9999 -9999 27.5 22.5 22.5 22.5 22.5 22.5 25 25 25 25 25 25 25 25 31 31 31 31 31 31 31 31 31 29 29 29 21 21 27 31 6.5 6.5 6.5 6.5 2.5 14 16 16 16 16 16 16 14 14 22.5 14 12 14 14 7 7 7 7 47.5 16.5 21.5 21.5 21.5 21.5 21.5 21.5 21.5 21.5 21.5 12 12 12 12 12 12 12 6.5 6.5 8 8 8 8 8 0 7 7 20 20 20
-9999 -9999 31 27.5 22.5 22.5 22.5 22.5 22.5 25 25 25 25 6 25 25 25 22.5 31 31 31 31 31 31 31 31 29 29 21 27 31 31 24 6.5 32.5 2.5 2.5 2.5 2.5 16 16 16 16 14 14 22.5 22.5 14 14 6.5 14 7 7 7 15 47.5 47.5 47.5 47.5 16.5 21.5 21.5 21.5 21.5 21.5 21.5 21.5 12 12 7 12 12 12 6.5 8 8 6.5 8 8 8 11 11 7 20 20 20
-9999 -9999 31 26.5 27.5 22.5 22.5 22.5 22.5 22.5 25 25 25 25 25 30 30 30 22.5 25 25 31 31 31 31 31 29 21 21 21 21 22.5 24 24 2.5 2.5 14 2.5 5 3.5 22.5 4.5 4.5 14 14 22.5 16 13 6.5 6.5 6.5 14 14 14 7 7 15 15 15 47.5 16.5 21.5 21.5 21.5 21.5 21.5 12 12 12 7 26.5 26.5 6.5 6.5 8 8 8 8 7 11 7 11 20 20 20 20
-9999 -9999 31 31 22.5 22.5 22.5 22.5 22.5 25 25 25 25 25 25 25 30 30 25 22.5 25 25 25 25 25 31 21 21 21 21 21 22.5 22.5 24 22.5 22.5 2.5 14 14 15 3.5 22.5 4.5 4.5 14 22.5 13 6.5 14 14 14 6.5 14 22.5 12 15 7 15 47.5 47.5 16.5 21.5 21.5 21.5 21.5 21.5 12 12 12 26.5 26.5 26.5 8 8 8 8 8 11 7 11 7 7 20 20 20 20
-9999 -9999 26 26 26.5 22.5 22.5 22.5 22.5 25 25 25 25 25 25 25 25 25 25 25 25 22.5 25 25 25 21 21 21 21 29.5 29.5 22.5 24 22.5 22.5 6 32.5 6 15 15 15 15 6 4.5 22.5 22.5 22.5 22.5 22.5 22.5 22.5 22.5 22.5 14 22.5 15 15 15 15 47.5 16.5 21.5 21.5 21.5 21.5 12 12 2.5 26.5 26.5 26.5 7 8 8 6.5 8 8 11 11 11 20 20 20 20 2.5 2.5
-9999 31 31 26 26 26.5 22.5 22.5 22.5 31 25 25 25 25 5.5 25 25 25 25 5.5 21.5 25 21 0 21 31 22.5 21 21 29.5 29.5 29.5 24 29.5 32.5 32.5 32.5 14 14 14 14 14 14 22.5 22.5 22.5 22.5 22.5 22.5 14 14 14 14 14 14 14 14 14 15 47.5 16.5 16.5 21.5 21.5 21.5 21.5 12 12 2.5 26.5 26.5 2.5 8 8 8 8 8 11 7 11 20 20 20 20 2.5 20
-9999 31 28.5 28.5 26 26.5 22.5 22.5 26.5 31 25 25 25 25 25 25 5.5 5.5 5.5 25 21.5 21.5 22.5 22.5 31 22.5 29.5 21 21 29.5 29.5 29.5 29.5 32.5 31.5 31.5 20 22.5 22.5 22.5 22.5 22.5 22.5 30 16 13 22.5 22.5 22.5 22.5 22.5 22.5 14 14 14 14 14 15 15 15 15 15 15 15 15 12 12 12 15 3 3.5 2 8 2 8 8 22.5 2.5 13 2.5 2.5 20 20 20 2.5 2.5
-9999 27 31 31 31 31 22.5 22.5 25 25 31 25 31 27 27 31 25 25 25 25 25 25 31 31 22.5 22.5 29.5 29.5 29.5 21 25 25 25 21 25 31.5 31.5 20 20 20 14 14 30 30 11.5 16 22.5 22.5 22.5 22.5 22.5 22.5 22.5 22.5 22.5 22.5 14 15 15 15 15 15 15 15 15 15 15 15 15 15 3.5 8 8 8 8 8 22.5 22.5 13 13 2.5 20 20 20 8.5 -9999
-9999 21.5 31 31 31 31 25 25 25 25 25 31 31 31 31 31 31 31 25 21.5 14 25 21.5 21.5 24 24 24 29.5 21 21 21 21 21 21 25 22 31.5 20 20 22.5 14 14 30 16 16 16 26.5 4.5 22.5 22.5 22.5 22.5 22.5 22.5 22.5 14 14 1.5 1.5 15 15 15 15 15 15 15 15 15 2 3.5 2 8 8 8 8 8 22.5 22.5 13 11.5 13 20 20 8.5 8.5 31
-9999 29.5 29.5 33 31 31 25 25 31 31 25 31 10 31 31 31 31 25 25 21.5 21.5 24.5 21.5 24.5 24 24 21 29.5 21 21 21 25 25 24 21 23.5 22 22 22 22.5 14 22.5 22.5 22.5 22.5 16 16 22.5 22.5 22.5 22.5 22.5 22.5 22.5 22.5 14 22.5 1.5 15 2 2 2 5.5 2 2 5.5 1.5 1.5 2 2 2 2 8 8 8 8.5 22.5 22.5 11.5 11.5 22.5 22.5 22.5 31 31 8.5
