Data/paleon_silt.asc
ncols         141
nrows         178
xllcorner     -61944.131932524
yllcorner     66412.68209395
cellsize      8000
NODATA_value  -9999
[rows 37 to 73 of 178, columns 0 to 83 of 141]
-9999 -9999 -9999 -9999 67.2 29.4 67.2 29.4 35.6 38.3 9 9 9 9 9 9.2 36.9 36.9 23.2 23.2 50.9 50.9 0 1.4 19.6 19.7 1.4 19.7 19.7 19.7 19.7 19.7 19.7 17.7 0 0 70.3 41.8 41.8 0 22.9 21.4 21.4 21.4 21.4 0 23.9 0 0 0 36.5 49.8 -9999 -9999 -9999 -9999 -9999 -9999 -9999 -9999 -9999 -9999 -9999 -9999 -9999 -9999 -9999 -9999 -9999 -9999 -9999 -9999 -9999 -9999 -9999 -9999 -9999 -9999 -9999 -9999 22.1 0.6 9.5 9.5
-9999 -9999 -9999 -9999 67.2 29.4 67.2 35.6 35.6 38.3 9 22.8 22.8 9 9 9.2 36.9 36.9 23.2 23.2 23.2 50.9 50.9 0 19.6 19.7 19.7 16.3 0 1.4 16.3 19.7 19.7 17.7 35.6 70.3 70.3 16.5 16.5 21.4 21.4 21.4 0 0 0 0 0 0 0 0 49.8 -9999 -9999 -9999 -9999 -9999 -9999 -9999 -9999 -9999 -9999 -9999 -9999 -9999 -9999 -9999 -9999 -9999 -9999 -9999 -9999 -9999 -9999 -9999 -9999 -9999 -9999 -9999 -9999 0.6 22.8 9.5 9 9
-9999 -9999 -9999 -9999 -9999 29.4 29.4 67.2 35.6 0 68.6 22.8 9 36.9 36.9 9.2 36.9 36.9 23.2 23.2 23.2 50.9 50.9 0 19.6 19.7 19.7 16.3 19.6 1.4 16.3 17.7 17.7 0 56.4 0 16.5 16.5 16.5 21.4 0 0 0 0 0 0 0 0 0 -9999 -9999 -9999 -9999 -9999 -9999 -9999 -9999 -9999 49.8 49.8 49.8 -9999 -9999 -9999 -9999 -9999 -9999 -9999 -9999 -9999 -9999 -9999 -9999 -9999 -9999 -9999 -9999 -9999 0.6 0.6 22.1 1.4 9 22.8
-9999 -9999 -9999 -9999 -9999 29.4 29.4 29.4 35.6 35.6 68.6 68.6 9 9 0 9.2 36.9 36.9 23 23 23 50.9 1.4 0 0 19.7 19.7 19.6 0 1.4 17.7 17.7 56.4 56.4 0 35.6 0 0 21.4 0 0 0 0 16.3 16.3 36.5 36.5 0 49.8 -9999 -9999 -9999 -9999 -9999 -9999 49.8 49.8 49.8 49.8 49.8 49.8 -9999 -9999 -9999 -9999 -9999 -9999 -9999 -9999 -9999 -9999 -9999 -9999 -9999 -9999 -9999 53.5 53.5 53.5 9.5 1.4 9 8.9 -9999
-9999 -9999 -9999 -9999 -9999 29.4 29.4 67.2 38.3 35.6 9 32.8 68.6 9 9.2 9.2 36.9 36.9 50.9 23 23 23 1.4 0 0 19.7 0 1.4 1.4 16.3 21.4 21.4 21.4 21.4 21.4 17.7 0 0 21.4 0 0 0 16.3 16.3 16.3 16.3 49.8 49.8 49.8 49.8 49.8 49.8 49.8 49.8 49.8 49.8 3.8 3.8 3.8 0 -9999 -9999 -9999 -9999 -9999 -9999 -9999 -9999 -9999 -9999 -9999 23.5 53.5 53.5 53.5 53.5 53.5 53.5 0 1.4 1.4 9 8.9 -9999
-9999 -9999 -9999 -9999 -9999 29.4 29.4 29.4 38.3 35.6 0 32.8 68.6 9 9 36.9 36.9 50.9 50.9 23.2 23.2 23.2 16.3 1.4 0 19.6 1.4 1.4 1.4 16.3 16.3 21.4 16.8 16.8 16.8 21.4 16.8 16.8 0 35.6 35.6 0 16.3 21.4 16.3 49.8 49.8 49.8 49.8 49.8 49.8 49.8 49.8 49.8 49.8 3.8 3.8 3.8 3.8 0 -9999 -9999 -9999 -9999 -9999 -9999 -9999 -9999 -9999 53.5 23.5 53.5 53.5 53.5 53.5 53.5 53.5 8.9 0 0.6 54.8 54.8 9 -9999
-9999 -9999 -9999 -9999 -9999 29.4 29.4 67.2 38.3 38.3 0 32.8 32.8 68.6 68.6 36.9 16.8 50.9 50.9 23.2 23.2 23.2 50.9 1.4 16.3 16.3 1.4 1.4 19.7 16.3 16.3 21.4 1.5 1.5 1.5 0 0 19.1 19.1 21.4 35.6 21.4 21.4 0 49.8 49.8 49.8 21.5 21.5 49.8 49.8 0 3.8 3.8 3.8 3.8 3.8 3.8 0 0 0 0 -9999 -9999 -9999 -9999 -9999 3.8 53.5 3.8 3.8 53.5 53.5 53.5 53.5 53.5 44 8.9 0 53.5 44 0 0 1.4
-9999 -9999 -9999 -9999 -9999 29.4 29.4 29.4 38.3 38.3 38.3 35.6 68.6 68.6 68.6 36.9 36.9 16.8 23.1 23.2 23.2 23.2 16.3 19.6 0.6 19.6 0.7 19.7 19.7 19.7 21.4 21.4 0 0 19.1 19.1 19.1 19.1 21.5 21.5 21.4 1.5 21.4 21.4 0 21.5 21.5 21.5 21.5 21.5 21.5 21.5 3.8 3.8 3.8 3.8 0 0 0 0 0 0 0 0 53.5 3.8 3.8 3.8 3.8 3.8 3.8 3.8 3.8 8.9 8.9 8.9 8.9 0 9 53.5 44 1.4 1.4 57.7
-9999 -9999 -9999 -9999 -9999 29.4 29.4 29.4 29.4 38.3 38.3 35.6 35.6 68.6 35.6 9 36.9 16.8 23.1 23.2 23.2 16.3 19.6 19.6 19.6 1.4 16.3 19.7 19.7 19.7 21.4 21.4 0 0 19.1 19.1 0 19.1 21.5 21.5 1.5 1.5 21.4 21.5 0 0 21.5 0 21.5 0 21.5 3.8 3.8 3.8 0 0 3.8 0 0 0 0 0 3.8 0 0 0 3.8 3.8 3.8 3.8 3.8 3.8 3.8 8.9 8.9 8.9 8.9 19.3 8.9 0 53.5 59.1 59.1 57.1
-9999 -9999 -9999 -9999 29.4 29.4 29.4 29.4 29.4 38.3 38.3 35.6 35.6 27.9 68.6 68.6 37.3 16.8 23.1 23.2 23.2 23.2 19.6 19.7 19.7 1.4 16.3 19.7 19.7 19.7 16.3 21.4 0 0 19.1 19.1 19.1 19.1 19.1 21.4 21.4 21.4 21.5 21.5 21.5 21.5 21.5 21.5 21.5 21.5 3.8 3.8 3.8 3.8 3.8 0 0 0 0 0 0 0 0 22.4 22.4 22.4 3.8 3.8 3.8 3.8 3.8 3.8 3.8 3.8 8.9 8.9 9 8.9 8.9 0 0 59.1 57.7 0
-9999 -9999 -9999 -9999 29.4 29.4 29.4 29.4 37.7 37.7 38.3 35.6 35.6 41.2 41.2 9 41.2 41.2 41.2 23.1 23.2 23.2 19.6 19.7 19.7 19.7 16.3 19.7 19.7 19.7 19.1 19.1 19.1 19.1 19.1 19.1 19.1 19.1 19.1 21.4 21.4 21.5 21.5 21.5 21.5 21.5 21.5 21.5 3.8 3.8 3.8 3.8 3.8 22.4 0 0 0 0 22.4 0 0 0 0 22.4 0 0 0 3.8 3.8 3.8 3.8 3.8 3.8 3.8 3.8 9 9 9 9 9 1.4 57.1 57.1 57.1
-9999 -9999 38.3 38.3 67.2 29.4 67.2 37.7 37.7 38.3 38.3 35.6 35.6 41.2 41.2 9 41.2 41.2 41.2 23.1 23.1 19.6 19.6 19.6 19.7 0.7 0.7 23 19.7 19.7 19.1 19.1 19.1 19.1 19.1 19.1 19.1 19.1 19.1 21.4 21.5 21.5 21.5 21.5 21.5 21.5 21.5 3.8 3.8 3.8 3.8 3.8 22.4 0 0 0 0 0 0 0 0 0 0 0 0 0 0 0 0 3.8 3.8 3.8 3.8 3.8 3.8 3.8 9 9 9 57.1 57.1 57.1 57.1 57.1
-9999 38.3 38.3 38.3 38.3 67.2 67.2 37.7 37.7 38.3 0.6 35.6 35.6 35.6 35.6 9 9 36.9 36.9 23.1 23.1 19.6 19.6 21 21 0.7 0.7 0.7 19.7 0 0 19.7 19.1 19.1 19.1 19.1 19.1 19.1 19.1 23.9 21.5 21.5 23.9 23.9 21.5 3.8 3.8 3.8 3.8 3.8 3.8 0 0 0 0 0 0 0 0 0 0 0 0 0 0 0 0 0 0 0 0 3.8 3.8 3.8 3.8 3.8 26.7 9 26.7 57.1 57.1 57.1 26.7 26.7
-9999 -9999 38.3 38.3 38.3 38.3 37.7 38.3 38.3 38.3 0.6 35.6 35.6 35.6 35.6 35.6 6.4 36.9 35.6 0.7 36.9 19.6 19.6 21 21 0.7 16.3 19.7 19.7 19.1 19.1 19.1 19.1 19.1 19.1 19.1 19.1 19.1 19.1 19.1 0 1.5 1.5 1.5 1.5 3.8 3.8 3.8 3.8 3.8 0 0 0 0 0 0 0 0 0 0 0 0 0 0 0 0 0 0 0 0 0 0 0 0 3.8 16.8 26.7 26.7 26.7 26.7 26.7 26.7 26.7 57.1
-9999 -9999 38.3 38.3 38.3 42.2 38.3 38.3 38.3 38.3 35.6 35.6 35.6 35.6 35.6 6.4 6.4 35.6 35.6 0.7 36.9 36.9 38.1 36.9 21 19.7 0.7 19.7 19.7 19.1 19.1 19.1 19.1 19.1 1.5 1.5 19.1 54.8 19.1 19.1 0 1.5 0 1.5 21.4 0 3.8 0 3.8 3.8 3.8 3.8 0 0 0 0 0 0 0 0 0 0 0 0 0 0 3.8 3.8 0 3.8 3.8 3.8 3.8 3.8 3.8 0 26.7 26.7 26.7 26.7 26.7 26.7 26.7 27.1
-9999 -9999 0 0 0 42.2 42.2 42.2 38.3 38.3 60.8 36.9 35.6 35.6 35.6 35.6 6.4 6.4 35.6 35.6 38.1 38.1 38.1 6.4 19.7 19.7 0.7 19.7 19.1 0 19.1 19.1 19.1 19.1 1.5 54.8 54.8 35.6 35.6 35.6 1.5 1.5 0 0 21.4 55.9 3.8 3.8 3.8 0 0 0 0 0 0 0 0 0 0 0 39.7 0 0 0 3.8 3.8 3.8 0 3.8 3.8 3.8 3.8 3.8 3.8 3.8 26.7 26.7 26.7 26.7 26.7 26.7 26.7 26.7 26.7
-9999 -9999 -9999 -9999 0 42.2 0 42.2 35.6 0.6 60.8 36.9 35.6 35.6 35.6 35.6 6.4 6.4 35.6 35.6 35.6 38.1 38.1 19.6 19.6 6.4 0.7 19.7 19.1 19.1 0 19.1 54.8 54.8 35.6 35.6 0.6 35.6 14 1.5 1.5 35.6 21.4 55.9 55.9 55.9 55.9 0 3.8 0 0 0 0 0 39.7 39.7 39.7 39.7 39.7 39.7 39.7 0 0 0 0 3.8 3.8 3.8 3.8 3.8 0 3.8 3.8 3.8 3.8 3.8 26.7 0 0 26.7 26.7 0 0 16.8
-9999 -9999 -9999 -9999 0 0 0 49 49 49 49 37.3 37.3 35.6 35.6 35.6 6.4 6.4 6.4 35.6 35.6 35.6 6.4 19.6 19.6 6.4 0.7 0.7 0.6 0.6 19.1 19.1 0.6 0.6 0.6 35.6 0.6 35.6 14 1.5 1.5 35.6 55.9 55.9 0 0 55.9 0 0 56.6 0 0 0 0 39.7 39.7 39.7 39.7 39.7 39.7 39.7 55.9 0 0 0 0 0 16.1 3.8 3.8 3.8 3.8 3.8 3.8 3.8 3.8 0 0 26.7 0 0 0 0 16.1
-9999 -9999 -9999 -9999 0 54.3 37.3 37.3 37.5 49 37.3 37.3 37.3 36.5 35.6 38.8 38.8 18.9 6.4 22.8 35.6 6.4 6.4 6.4 6.4 19.6 9.2 0.7 0.7 0.6 0.6 0.6 0.6 0.6 0.6 0.6 35.6 35.6 1.5 1.5 1.5 35.6 55.9 0 0 0 0 0 0 0 0 0 0 0 39.7 55.9 39.7 39.7 39.7 55.9 55.9 55.9 0 3.8 0 0 0 3.8 16.1 3.8 0 3.8 16.1 0 0 0 3.8 0 26.7 26.7 0 0 16.1 16.1
-9999 -9999 -9999 -9999 0 62.8 62.2 38.3 37.5 37.3 37.3 36.5 36.5 60.8 49 38.8 38.8 38.8 6.4 6.4 16 16 16 16 19.2 19.2 9.2 0.7 0.7 0.7 0.6 0.6 1.4 1.4 0.6 0.6 0.6 0.6 0.6 0.6 36.9 55.9 0 0 55.9 0 0 0 0 0 56.6 56.6 0 0 39.7 55.9 39.7 39.7 39.7 55.9 55.9 55.9 23.5 3.8 55.9 23.5 0 16.1 0 0 0 0 16.1 3.8 0 3.8 0 0 26.7 26.7 0 0 0 3.8
-9999 -9999 -9999 -9999 36.5 36.5 62.8 62.2 19.2 19.2 67.2 36.5 36.5 36.5 60.8 38.8 38.8 38.8 18.9 6.4 16 23.1 43 16 16 9.2 9.2 50.9 0.7 0.7 0.7 0.6 1.4 21.7 0.6 0.6 0.6 0.6 0.6 36.9 36.9 56.6 56.6 56.6 56.6 0 0 0 56.6 23.3 56.6 39.7 0 0 39.7 55.9 39.7 39.7 39.7 39.7 39.7 39.7 0 23.5 23.5 23.5 23.5 16.1 16.1 3.8 0 0 16.1 16.1 0 0 0 26.7 26.7 0 0 0 0 16.1
-9999 -9999 -9999 -9999 36.5 36.5 36.5 62.8 62.2 19.2 67.2 36.5 36.5 36.5 36.9 36.9 38.8 38.8 29.2 38.8 39.7 39.7 43 16 38.8 16 0.7 39.5 50.9 0.7 0.7 0.7 21.7 21.7 0.6 0.6 0.6 22.1 36.9 36.9 14 0 56.6 0 0 0 23.3 23.3 56.6 56.6 39.7 39.7 0 0 55.9 55.9 69.3 69.3 69.3 69.3 39.7 39.7 39.7 23.5 23.5 23.5 23.5 23.5 16.1 3.8 26.7 0 0 0 16.1 26.7 0 0 26.7 0 0 0 0 3.8
-9999 -9999 -9999 30.4 37.7 36.5 36.5 62.8 62.2 37.7 67.2 36.5 36.5 36.5 36.5 36.9 36.9 18.9 29.2 38.8 38.8 38.8 23.1 48.1 16 50.9 39.5 39.5 39.5 50.9 53.8 53.8 0.7 0.7 0.6 0.6 22.1 0.6 36.9 36.9 56.6 55.9 56.6 56.6 56.6 0 23.3 23.3 23.3 55.9 55.9 39.7 39.7 69.3 3.8 3.8 69.3 69.3 69.3 69.3 69.3 39.7 23.5 23.5 23.5 23.2 23.5 23.5 3.8 3.8 3.8 3.8 0 26.7 16.1 26.7 26.7 0 26.7 0 0 0 16.1 3.8
-9999 -9999 -9999 37.7 37.7 36.5 36.5 62.8 62.8 62.2 37.7 62.8 36.5 36.5 36.5 36.9 36.9 36.5 36.5 36.9 29.2 38.8 23.1 16 0 0 39.5 39.5 39.5 39.5 50.9 53.8 53.8 0.7 0.6 22.1 0.6 13.4 56.6 9.2 0 55.9 55.9 23.3 23.3 39.7 23.3 41.2 41.2 41.2 55.9 55.9 0 3.8 3.8 39.7 69.3 69.3 69.3 69.3 69.3 69.3 23.5 23.5 0 23.2 23.2 23.5 23.5 3.8 0 16.1 16.1 16.1 16.1 0 26.7 0 0 0 0 0 0 3.8
-9999 -9999 -9999 37.7 0 36.5 36.5 36.5 36.5 36.5 66.7 62.8 62.8 36.5 36.5 36.9 36.9 36.5 36.5 36.5 29.2 29.2 0 0 0 0 37.4 39.5 39.5 50.9 0 53.8 53.8 0.7 0.7 0.6 0.6 0.6 56.6 56.6 0 55.9 23.3 56.6 39.7 39.7 41.2 41.2 41.2 41.2 41.2 9.2 0 0 0 39.7 55.9 69.3 69.3 69.3 69.3 69.3 23.5 0 0 23.2 23.2 23.5 23.5 3.8 16.1 16.1 23.2 16.1 0 0 0 0 0 0 26.7 0 0 3.8
-9999 -9999 -9999 37.7 0 36.5 36.5 36.5 36.5 36.5 36.5 36.5 62.8 62.8 62.8 36.9 36.9 36.9 36.5 36.5 29.2 33.6 0 0 0 0 39.5 37.4 39.5 50.9 0 53.8 53.8 53.8 0.7 53.8 0.6 56.6 56.6 55.9 55.9 55.9 23.3 23.3 23.3 23.3 41.2 41.2 41.2 9.2 41.2 39.7 55.9 0 0 39.7 39.7 39.7 69.3 69.3 0 0 0 0 39.7 23.2 23.2 23.2 23.2 23.2 16.1 0 39.7 39.7 16.1 16.1 0 0 0 26.7 0 0 0 9.5
-9999 -9999 -9999 37.7 37.7 36.5 36.5 36.5 36.5 36.5 36.5 36.5 37.7 62.8 62.8 36.5 36.9 36.9 29.2 29.2 29.2 33.6 33.6 33.6 37 37 36.9 37.4 39.5 50.9 0 0 53.8 53.8 0.7 70.3 56.6 9.2 9.2 55.9 55.9 23.3 23.3 23.3 23.3 0 9.2 9.2 41.2 70.3 41.2 41.2 55.9 0 39.7 39.7 39.7 69.3 69.3 0 0 0 0 39.7 39.7 39.7 23.2 23.2 23.2 39.7 23.2 39.7 23.2 39.7 23.2 16.1 0 16.1 0 0 0 0 0 9.5
-9999 -9999 -9999 37.7 37.7 37.7 36.5 36.5 36.5 36.5 36.5 36.5 36.5 37.7 36.5 36.5 36.5 33.6 33.6 33.6 33.6 33.6 33.6 33.6 33.6 37 37 39.5 39.5 36.5 36.5 36.5 53.8 53.8 0.7 70.3 23.9 9.2 56.6 55.9 55.9 23.3 23.3 70.1 70.1 0 41.2 41.2 9.2 55.9 41.2 70.3 55.9 39.7 39.7 39.7 39.7 0 39.7 0 39.7 39.7 67.3 67.3 39.7 39.7 39.7 39.7 39.7 39.7 39.7 23.2 39.7 55.9 23.2 0 10.7 16.1 16.1 0 0 0 9.5 9.5
-9999 -9999 35.3 37.7 37.7 37.7 37.7 36.5 36.5 36.5 36.5 36.5 36.5 36.5 36.5 36.5 36.5 33.6 33.6 33.6 33.6 33.6 33.6 33.6 33.6 37 37 37.4 39.5 36.5 36.5 0.7 3.9 3.9 35.6 23.9 23.9 56.6 70.1 55.9 55.9 70.1 70.1 70.1 23.3 0 70.3 70.3 55.9 41.2 41.2 70.3 55.9 55.9 55.9 39.7 39.7 39.7 39.7 67.3 67.3 67.3 67.3 67.3 67.3 39.7 39.7 39.7 39.7 39.7 39.7 39.7 67.3 55.9 0 10.7 9 9 9 0 0 9.5 9.5 0
-9999 -9999 35.3 37.7 37.7 37.7 37.7 37.7 36.5 36.5 36.5 36.5 36.5 36.5 36.5 36.5 33.6 33.6 33.6 33.6 33.6 33.6 33.6 33.6 33.6 37 37 37 37.4 37.4 35.6 50.9 9.2 23.9 23.9 23.9 6.5 19.2 70.1 70.1 70.1 70.1 70.1 70.1 0 0 70.3 41.2 55.9 41.2 41.2 9.2 9.2 9.2 9.2 47 69.7 67.3 67.3 67.3 67.3 67.3 67.3 67.3 67.3 67.3 55.9 55.9 55.9 55.9 55.9 55.9 55.9 10.7 10.7 9 9 9 9 9 0 9.5 9.5 37.9
-9999 -9999 62.3 35.3 37.7 37.7 37.7 37.7 37.7 36.5 36.5 36.5 36.5 16.3 36.5 36.5 36.5 37.7 33.6 33.6 33.6 33.6 33.6 33.6 33.6 33.6 37 37 37.4 35.6 50.9 50.9 39.5 23.9 61.3 6.5 6.5 6.5 6.5 70.1 70.1 70.1 70.1 0 0 70.3 70.3 41.2 41.2 9.2 41.2 9.2 9.2 9.2 54.9 47 47 47 47 69.7 67.3 67.3 67.3 67.3 67.3 67.3 67.3 55.9 55.9 9.2 55.9 55.9 55.9 10.7 9 9 10.7 9 9 9 21.3 21.3 9.5 37.9
-9999 -9999 62.3 35.6 35.3 37.7 37.7 37.7 37.7 37.7 36.5 36.5 36.5 36.5 36.5 36.5 36.5 36.5 37.7 0 0 33.6 33.6 33.6 33.6 33.6 37 37.4 37.4 37.4 37.4 37.7 39.5 39.5 1.5 6.5 71.8 6.5 16.5 0 70.3 1.4 1.4 0 0 70.3 70.1 16.5 9.2 9.2 9.2 41.2 41.2 41.2 9.2 9.2 54.9 54.9 54.9 47 69.7 67.3 67.3 67.3 67.3 67.3 55.9 55.9 55.9 9.2 35.6 35.6 10.7 10.7 9 9 9 9 9.5 21.3 9.5 21.3 37.9 37.9
-9999 -9999 62.3 62.3 37.7 37.7 37.7 37.7 37.7 68.1 68.1 68.1 36.5 36.5 36.5 36.5 36.5 36.5 36.5 37.7 0 0 0 0 0 33.6 37.4 37.4 37.4 37.4 37.4 37.7 37.7 39.5 37.7 70.3 6.5 71.8 71.8 71 0 70.3 1.4 1.4 0 70.3 16.5 9.2 41.2 41.2 41.2 9.2 41.2 70.3 55.9 54.9 9.2 54.9 47 47 69.7 67.3 67.3 67.3 67.3 67.3 55.9 55.9 55.9 35.6 35.6 35.6 9 9 9 9 9 21.3 9.5 21.3 9.5 9.5 37.9 37.9
-9999 -9999 66.7 66.7 35.6 37.7 37.7 37.7 37.7 68.1 68.1 36.5 36.5 36.5 36.5 36.5 36.5 36.5 36.5 36.5 36.5 37.7 0 0 0 37.4 37.4 37.4 37.4 36.9 36.9 37.7 39.5 37.7 37.7 16.3 61.3 16.3 71 71 71 71 16.3 1.4 70.3 70.3 70.3 70.3 70.3 70.3 70.3 70.3 70.3 41.2 70.3 54.9 54.9 54.9 54.9 47 69.7 67.3 67.3 67.3 67.3 55.9 55.9 17 35.6 35.6 35.6 9.5 9 9 10.7 9 9 21.3 21.3 21.3 37.9 37.9 37.9 37.9
-9999 62.3 62.3 66.7 66.7 35.6 37.7 37.7 37.7 33.6 68.1 68.1 68.1 36.5 3.8 36.5 36.5 36.5 36.5 3.8 37.1 0 37.4 0 37.4 33.6 37.7 37.4 37.4 36.9 36.9 36.9 39.5 36.9 61.3 61.3 61.3 71.8 71.8 71.8 71.8 71.8 71.8 70.3 70.3 70.3 70.3 70.3 70.3 41.2 41.2 41.2 41.2 55.6 55.6 55.6 55.6 55.6 54.9 47 69.7 69.7 67.3 67.3 67.3 67.3 55.9 55.9 17 35.6 35.6 17 9 9 9 9 9 21.3 9.5 21.3 37.9 37.9 37.9 37.9
-9999 62.3 64.5 64.5 66.7 35.6 37.7 37.7 35.6 33.6 68.1 68.1 68.1 68.1 68.1 36.5 3.8 3.8 3.8 0 37.1 37.1 37.7 37.7 33.6 37.7 36.9 37.4 37.4 36.9 36.9 36.9 36.9 61.3 62.2 62.2 37.9 70.3 70.3 70.3 70.3 70.3 70.3 63.2 70.1 16.5 70.3 70.3 70.3 70.3 70.3 70.3 41.2 41.2 41.2 19.2 55.6 54.9 54.9 54.9 54.9 54.9 54.9 54.9 54.9 55.9 55.9 55.9 54.9 1.5 1.5 1.5 9 1.5 9 9 40.4 6.5 4.1 6.5 6.5 37.9 37.9 37.9
-9999 65.8 62.3 62.3 62.3 62.3 37.7 37.7 0 0 33.6 0 33.6 35.6 35.6 33.6 36.5 36.5 0 0 0 0 50.9 50.9 37.7 37.7 36.9 36.9 36.9 37.4 0 0 0 37.4 36.5 62.2 62.2 37.9 37.9 37.9 71.8 71.8 63.2 63.2 25.8 70.1 70.3 70.3 70.3 70.3 70.3 70.3 70.3 70.3 70.3 70.3 55.6 54.9 54.9 54.9 54.9 54.9 54.9 54.9 54.9 54.9 54.9 54.9 54.9 40.7 1.5 9 9 9 9 9 40.4 40.4 4.1 4.1 6.5 37.9 37.9 37.9
